1.8,0.666666666666667,1.49814700361628,8.76647205692923,10.0636522945533,11.9119454517071,13.2042080834525,14.4550836886005,16.4086697950944,2.00111080264048,15.280525005524,16.4135445423724,17.1780221342401,1.20185042515466,2.49488365348856,3.90064987462916,2.04069704866853,2.05372290676658,1.32832392301142,1.90904280843685,2.17587785604901,2.73577127049109,16.6317300496504,4.00055551698067,3.73009979014562,3.37260202876717,14.2707548659643,3.80058475033046,3.16929715306792,6.3969610840704,10.8427138874197,4.51802716287147,16.0842669849902,17.0239373954571,5.30023060294969,5.54025671286489,5.52489316136018,18.4879240905519,18.2043340382937,6.14853189342338,11.9255918218943,6.81208077201412,16.521786962809,13.9026775998167,15.5572633983116,8.17424748802389,9.37169490283067,10.3782521608329,12.8021265594605,18.9683179633146,11.8684623720103,16.1051061606077,12.4923087448949,17.4417443062454,18.2165980480562,10.7928069162213,12.4523399799016,11.0242661635342,14.0105119265659,10.6897915996732,13.3927011631129,11.4645734523551,13.2374271842398,15.68788682518,13.3901510493615,14.157239145504,12.9355668174568,14.1187975566067,16.921518187733,13.5725621915851,15.6095754088458,17.1482936671391,16.9428055327469,17.6213254640822,17.1893791901989,17.7961918523162,18.8000295508042,19.2355808190043
0.666666666666667,1.03923048454133,1.8,9.34671502762346,10.4585479149735,12.3,13.6014705087354,14.8507575564346,16.8,2.4738633753706,15.7407115468139,16.8428026171418,17.6567267634746,1.34164078649987,3.0886890422961,4.51559796704711,2.16333076527839,2.34093998214392,1.8,2.4,2.76586333718787,3.39411254969543,17.1210396880563,4.36806593356831,4.26675520741465,4.03608721412211,14.7732867026942,4.24264068711928,3.79473319220206,7.0178344238091,11.3841995766062,5.14666153928933,16.6224907880859,17.5570498660794,5.7799653978203,6.18465843842649,6.11882341631134,19.0899745423529,18.7771137292183,6.62721661031236,12.4359245307661,7.42159012611179,17.1092080471306,14.5120639469374,16.1577226118039,8.77640621908814,10.0133047586373,11.0415171983209,13.446560898609,19.6298527521303,12.5321967201038,16.7275222313408,13.1529464379659,18.0623918681884,18.8308257917703,11.3100468506242,13.1187667414405,11.6846052564903,14.675489770362,11.2685047810257,14.058449416632,12.0538790436938,13.8689198849626,16.3510932913068,14.0231877944484,14.7088420551067,13.5116410714778,14.7799864681941,17.5881273085631,14.1,16.1804326270962,17.7642768287932,17.5903805417423,18.2833257368565,17.7578239798687,18.4396312327552,19.4465935320302,19.8902771473904
1.49814700361628,1.8,0.6,7.74725946228879,8.65884000337699,10.5,11.8016947935455,13.0508620404937,15,0.848528137423857,13.9588681489582,15.0479234447813,15.8858427538485,2.68328157299975,1.74928556845359,3.14016321231875,3.49857113690718,3.40587727318528,2.54558441227157,3,2.95465734053883,2.4738633753706,15.3587108834042,5.16139516022558,4.53665074697182,3.13209195267317,13.0249760076554,4.83735464897913,3.64965751817893,5.59016994374947,9.69329665284211,4.87730714636673,14.9172115356725,15.8432951118131,6.19483655958735,5.73149195236284,6.02992537267253,17.5231295493742,17.1330090760497,7.02281994643177,12.6331031761,7.2,15.5030642132451,12.9799845916704,14.5912302428548,8.57185713214339,9.49810320522163,9.9151090642061,12.0933866224478,18.4283425577464,11.6888779476414,15.2410629550566,11.9632771429905,16.5653252307342,17.3066461222271,11.4885999579619,12.08419443331,10.9201648339208,13.566502865514,11.1625803468553,12.9799845916704,11.8824239951283,13.4031370071582,15.4967486771566,13.5437311351497,14.7110014619618,13.4001658364531,13.9762655956446,16.5512000236304,14.2144292885786,16.08,17.391794940431,16.9566194198242,17.4470627900515,17.6625398088723,17.8443268295557,18.8162164103201,19.1643712393598
8.76647205692923,9.34671502762346,7.74725946228879,9.42974018730103,4.21238964039132,5.44798637037692,6.30434180008496,7.37853386314283,9.17485280061022,6.93020940920081,7.32941972795206,8.73274520941854,8.9505042959451,9.48671075757481,6.27161435237612,4.90436539472856,9.91931563658957,9.44870387325824,8.75016881421369,8.62594410874058,7.98523364101072,6.27631858058616,8.32682052810058,9.69941506781747,8.26263615933373,5.86402509455975,5.93554352602207,9.09972353685969,7.30085326012109,2.59661661397882,2.32454532272437,6.91400154280558,7.43338829637516,8.39168115319171,9.16569806827921,6.35532777434359,7.59132981007511,9.77687505319328,9.43932835874896,9.48740208944432,12.3754117319551,7.46441685964588,7.76444251943188,5.26794108405666,6.84644155525668,8.09399611587532,7.2332288366515,4.3690669510876,4.92767825468458,11.4559812684631,7.03797009520897,7.57900819424362,5.54623817744627,8.87780683937411,9.58514099851683,11.4466745137038,6.396614697891,6.89317482264431,7.28554033699177,10.0407077525429,6.91968593705821,10.2646682260757,10.0988396904414,10.0948295735178,10.147472671193,13.199762006524,11.6614602776283,9.01805548455885,10.2812190898329,13.2749889950895,13.8996938780956,13.8534326743688,12.339766100541,11.9220931249369,15.2891674485946,13.2971896221754,14.0297741816816,13.9540293661917
10.0636522945533,10.4585479149735,8.65884000337699,4.21238964039132,1.58745078663875,1.85081338985907,3.14298701030386,4.39290940735459,6.34517332228174,8.06853298250654,5.49257383627556,6.42571365051131,7.49693815051539,11.1048803391544,7.87009322352275,6.99655983250311,11.7703536263698,11.4384600076644,10.5831980815183,10.691976774523,10.1762929780697,8.35966994759082,7.0724674561547,12.3336275015479,11.0048364135863,8.25675975384128,5.03329729229787,11.768168758068,9.87166631923746,5.82529669910924,3.44567164152716,9.98445539274907,7.25797070643787,8.03259939628664,12.2822320646451,9.77152255593899,10.9392384915729,10.8914869035986,9.88135742141716,12.7901109758872,16.4215361649912,11.1510958553637,8.74417006948525,7.34796931547924,8.31896775386201,12.0012244273283,11.3681269286527,8.51725739128434,8.22868303495741,14.331190894867,11.1933170607751,9.55060634895257,9.31380366850785,10.5995860527568,11.0398535926406,15.435278902649,10.375677996042,11.0996690518783,10.9621333392246,14.1388773621255,10.7279912340739,14.4200880293953,14.3039027070608,13.9659339255274,14.3484337479883,17.385152515852,15.8461337444982,13.0512209140348,13.7646759444193,17.4171449662541,18.1115644643675,18.0045442286844,16.3477028177594,15.6790514082078,19.4996364762034,17.2982599101287,17.9573246950675,17.7584203223975
11.9119454517071,12.3,10.5,5.44798637037692,1.85081338985907,0.848528137423857,1.31529464379659,2.55440795488896,4.5,9.91816515288992,3.91152144312159,4.65725240887801,5.91692487699481,12.9556937290135,9.71648084442099,8.80827026152127,13.6194713553794,13.2834483474736,12.4310096130604,12.5319591445233,12.0074976577137,10.1867561078098,5.58032257132148,14.1382460015378,12.7902775575826,10.0578327685441,3.91152144312159,13.566502865514,11.669190203266,7.44311762637136,3.9,11.7127334555175,6.15899342425367,6.80147042925278,14.018059780155,11.4236596587959,12.6178445068879,10.0781393487868,8.84816365128946,14.49034161088,17.8207719036691,12.7314571043538,7.9965617611571,7.20624728967859,7.81498560459327,13.4880218969973,12.6777562272896,9.47414311455669,8.59069263796581,14.2130633514292,12.108992268633,9.17823512446701,9.8979795918157,10.0578327685441,10.3619496235023,16.8785094969976,11.0940414233065,12.14907403879,11.4236596587959,15.4884860460924,11.2929181348312,15.6971972020485,15.3197285104095,14.5113701876923,15.3454440490077,18.5993051550087,17.0650064296631,13.7719279696054,14.0211348407403,18.7109593554152,19.2045932005862,18.847732788057,16.9987870252727,16.1012421881046,20.5287070342971,17.9323729606541,18.5067555233217,18.1947279452043
13.2042080834525,13.6014705087354,11.8016947935455,6.30434180008496,3.14298701030386,1.31529464379659,1.03923048454133,1.25099960031968,3.20624390837628,11.2071405808975,2.75862284482674,3.35261092284804,4.72016948848238,14.2351677194194,10.9772492000501,10.0195122136759,14.8862352527427,14.538225476309,13.693794214899,13.7767920794356,13.2382022948737,11.4140264587042,4.45533388198909,15.3310143173894,13.9632804168648,11.2538882169675,3.20156211871642,14.752626884728,12.8576825283563,8.5,4.40454310910905,12.8319182120211,5.3332166653906,5.85234995535981,15.138031576133,12.4775798935531,13.6894119669181,9.37588012016374,8.00624756049924,15.57562197795,18.6426699271278,13.720058308914,7.38545868582311,7.07106781186547,7.39134629144109,14.3981007817854,13.4578016791563,10.0410992161908,8.76641317757725,13.9532996401198,12.6086356820163,8.81419309976812,10.1980390271856,9.5524865872714,9.75294827218929,17.73896856971,11.4674339246549,12.7440182046323,11.610770861575,16.2813758632371,11.5550854605234,16.4333806625417,15.8629333057044,14.7207838659316,15.8746364252115,19.2737410334788,17.7498669791573,14.1141064187571,14.0293343470823,19.4465935320302,19.78419571274,19.2426487586818,17.2643520364846,16.2086396714838,21.0545793712437,18.1796589626978,18.689301752607,18.2976262121621
14.4550836886005,14.8507575564346,13.0508620404937,7.37853386314283,4.39290940735459,2.55440795488896,1.25099960031968,1.2,1.95576072156079,12.4581298757077,2.08925824157762,2.21472345903501,3.82426463519459,15.4856385079854,12.2247699364855,11.252249775045,16.1345901714298,15.7836941176646,14.9413854779267,15.0194873414508,14.4763600397337,12.6516797303757,3.70472671056854,16.5530963870812,15.1770945836151,12.4797836519709,3.18198051533946,15.9720067618318,14.0792400363088,9.66566086721441,5.32024435529046,14.0201863397032,4.98920835403774,5.32024435529046,16.3242457712447,13.6310307754036,14.8507575564346,9.0699444724631,7.55810822891549,16.742311668345,19.6346511715187,14.8325655231993,7.22495674727538,7.40033783012641,7.43189074193102,15.4594037163568,14.4345913012978,10.8876123204684,9.32657493402589,14.0587988339714,13.3848745856978,8.88172280585248,10.8390497738501,9.46070821873289,9.54594154601839,18.7596294799458,12.15394871586,13.5913575480892,12.1435167888055,17.2581632858193,12.1509258906472,17.3691968726248,16.6559451909545,15.2479726906844,16.6567170982098,20.1564988618257,18.6442871798426,14.7559140686031,14.3849651449777,20.3746165608092,20.5928968336172,19.9047301225111,17.8259039389218,16.6386598017989,21.8177178572829,18.7217787616455,19.173549488814,18.7135145015574
16.4086697950944,16.8,15,9.17485280061022,6.34517332228174,4.5,3.20624390837628,1.95576072156079,1.03923048454133,14.4124945793572,2.41867732448956,1.2,3.05941170815567,17.4413302244984,14.1795627577158,13.1950985217997,18.0897761180176,17.7369670462568,16.8961534083945,16.9705627484771,16.4234588318052,14.5986300727157,3.3,18.4835061608992,17.0991578740007,14.4156165320808,4.08044115262063,17.8997206682116,16.0099968769516,11.5433963806152,6.99714227381436,15.9150282751869,5.13061399834367,5.1,18.2147193225699,15.4870913989684,16.7140659326209,9.00006920388618,7.31710325197069,18.609674903125,21.2788064409237,16.6385095486345,7.47295122424869,8.33546639366988,7.96893970362432,17.2018983290348,16.0762163996324,12.3933491050973,10.5,14.5100963373806,14.7787846716335,9.39627585801949,12.0880105890093,9.71648084442099,9.61873172512884,20.4428717629681,13.4440336512643,15.0748134316813,13.23064624272,18.8892350295082,13.3221619867047,18.9470842083947,18.0495689360026,16.2913254242583,18.0357920790401,21.6550912207394,20.1634432685602,15.9604511214439,15.1967832853608,21.9328520717211,21.9901432464639,21.1033061687026,18.8963593502615,17.5328263551545,23.1482248239471,19.7590485600901,20.1258540191466,19.5709765980137
2.00111080264048,2.4738633753706,0.848528137423857,6.93020940920081,8.06853298250654,9.91816515288992,11.2071405808975,12.4581298757077,14.4124945793572,0.6,13.2849538952907,14.4124945793572,15.1907866814066,3.05941170815567,0.948683298050514,2.29578417975209,3.79473319220206,3.57770876399966,2.68328157299975,3,2.76586333718787,1.8,14.6509385364897,5.09116882454314,4.24984705607155,2.41867732448956,12.3,4.68614980554399,3.2310988842807,4.74236228055175,8.9196412483911,4.34029088886909,14.1544056745594,15.0867491528162,5.90931468107766,5.1,5.53172667437573,16.7014285695259,16.3370744014955,6.70820393249937,12.1708948098886,6.62721661031236,14.6923449455831,12.14907403879,13.7686600655256,7.98800120589038,8.80306563062218,9.08126575732161,11.2449988883948,17.5834414574213,10.9003529191405,14.4031246609894,11.1211510195663,15.729272074702,16.4754362612952,11.0261335608533,11.2602606269906,10.1513545894132,12.7314571043538,10.5933564086176,12.14907403879,11.2857432187694,12.7058398914412,14.6999076214473,12.8420546388395,14.1638948370502,12.8173493532963,13.1918156445578,15.723301886761,13.7116738584317,15.4916235430635,16.7122569167064,16.2066102216359,16.6517266371989,17.0717694601351,17.1026313764871,18.0646062785769,18.3902997528588
15.280525005524,15.7407115468139,13.9588681489582,7.32941972795206,5.49257383627556,3.91152144312159,2.75862284482674,2.08925824157762,2.41867732448956,13.2849538952907,2.54558441227157,1.5,2.01246117974981,16.224980739588,12.9139459500185,11.77882103608,16.8026783579285,16.400304875215,15.602884348735,15.602884348735,15.0119952038362,13.2034086507992,1.69705627484771,16.930741271427,15.5111314867743,12.9313572373514,1.69705627484771,16.3355440680744,14.4779142144164,9.84784240328814,5.02891638427206,14.2233303062258,2.94977965278765,3.2310988842807,16.4912704180121,13.6821051011897,14.9187801109876,7.00970409911099,5.47083174663597,16.8133875230425,19.1046890058916,14.7122398022871,5.25214242000348,5.91692487699481,5.61729472255106,15.1644657145632,13.9191941037203,10.1401304181928,8.10555365166378,12.2177702936539,12.4461919381719,7.06116137756389,9.7082439194738,7.50599760191808,7.52396172239067,18.3137885777631,11.0731611547554,12.7914033631967,10.816653826392,16.7094344608069,10.9201648339208,16.7189114478186,15.7081351599762,13.8731299890107,15.6879324478975,19.3629734411952,17.8878295062437,13.5611946376416,12.7950077070013,19.6814633602281,19.643838728721,18.6985168195234,16.4787090283089,15.1211772028503,20.774932310359,17.3404152199421,17.7098842458103,17.1651718604854
16.4135445423724,16.8428026171418,15.0479234447813,8.73274520941854,6.42571365051131,4.65725240887801,3.35261092284804,2.21472345903501,1.2,14.4124945793572,1.5,1.03923048454133,1.89736659610103,17.4,14.1031911282518,13.0303731719395,18.0099972237644,17.6283861995362,16.8107108713463,16.8428026171418,16.2692962355475,14.4499134945508,2.1,18.2482875908947,16.8403444145302,14.2144292885786,3.18904374382039,17.6567267634746,15.7835357255591,11.2058020685714,6.4621977685614,15.5893593518143,3.95818140059295,3.9,17.8715416234862,15.0867491528162,16.3217646104825,7.80007985053618,6.12045749923974,18.2186717408268,20.6010433756565,16.1554944214035,6.29642755854461,7.32393336944022,6.84105255059483,16.6365223995588,15.4125362023695,11.6401136119008,9.56713123146118,13.3422253368147,13.9371991393096,8.25408989531856,11.1803398874989,8.53287759199674,8.42140130857092,19.8043567019658,12.5497540426342,14.2902064365775,12.2413234578619,18.2060209820817,12.369316876853,18.2186717408268,17.1954668919647,15.2729423474998,17.1730210813713,20.8601373130601,19.3867079320973,15.0119952038362,14.104687951962,21.1813597297246,21.1285210083432,20.1387569440122,17.8819267917393,16.4596476268479,22.2461302814669,18.7301895345456,19.0664627028718,18.4830496671951
17.1780221342401,17.6567267634746,15.8858427538485,8.9505042959451,7.49693815051539,5.91692487699481,4.72016948848238,3.82426463519459,3.05941170815567,15.1907866814066,2.01246117974981,1.89736659610103,1.8,18.0897761180176,14.7763324272297,13.5882531989951,18.6386694804109,18.2175739328814,17.4413302244984,17.4103417542563,16.8026783579285,15.0119952038362,0.670820393249937,18.6386694804109,17.206196558217,14.7,3.01496268633627,18.0399556540475,16.2111073033276,11.5277925033373,6.62721661031236,15.8612144869175,2.56811214708392,2.18403296678416,18.091766082945,15.2410629550566,16.4754362612952,6.02651580380936,4.30116263352131,18.356470248934,20.2067750370129,16.1554944214035,4.76707457462121,6.37808748764079,5.52521492794624,16.4843525062715,15.0893277070547,11.1941675775871,8.76184911990614,11.7822180516882,13.2674937126041,6.847627326308,10.4019228991567,6.92603782836912,6.70820393249937,19.4900429745019,11.7803364353745,13.7379037702264,11.2449988883948,17.8182827455398,11.4629839047257,17.7421531951452,16.4661929481007,14.1709673747825,16.4250182492987,20.2314120763252,18.8043730138615,14.086589367196,12.8055543504458,20.6390406753802,20.3579566754623,19.1409124978408,16.7732372428016,15.2013157325279,21.3817752420139,17.5801023887803,17.8339563754092,17.1730348220692
1.20185042515466,1.34164078649987,2.68328157299975,9.48671075757481,11.1048803391544,12.9556937290135,14.2351677194194,15.4856385079854,17.4413302244984,3.05941170815567,16.224980739588,17.4,18.0897761180176,1.03923048454133,3.31360830515618,4.58482551467338,0.848528137423857,1.01980390271856,0.848528137423857,1.34164078649987,1.92093727122985,3.2310988842807,17.5262660027742,3.05941170815567,3.17320027732256,3.7589892258425,15.1462866736372,3,3,7.00071424927486,11.6498927033686,4.30907472666697,16.8825116614798,17.8317133220563,4.56157867409957,5.40832691319598,5.12640224719052,19.1005099661988,18.9108434502536,5.4,11.2276405020202,6.4621977685614,17.1879318127575,14.4996551683135,16.1822124568923,7.77925026553829,9.17379855248941,10.6358270165761,13.23064624272,19.2220091779402,11.8801386255302,16.6412138980304,12.7781062759706,17.9824914847749,18.7829710109982,10.1144340003744,12.6090346617828,10.9859000541603,14.2144292885786,10.1915258916415,13.5764501987817,11.001454449299,12.9583319662269,15.6755673936015,13.1193889852744,13.5635987507986,12.4211289520898,14.0789204131567,17.0464724275207,12.9139459500185,15.0723057293833,16.7807786246646,16.7585971522797,17.5840837122666,16.6419744171177,17.5801023887803,18.6045693312154,19.1079335617434
2.49488365348856,3.0886890422961,1.74928556845359,6.27161435237612,7.87009322352275,9.71648084442099,10.9772492000501,12.2247699364855,14.1795627577158,0.948683298050514,12.9139459500185,14.1031911282518,14.7763324272297,3.31360830515618,1.2,1.44070295342239,3.91152144312159,3.56931365951495,2.71661554144123,2.84604989415154,2.41867732448956,0.948683298050514,14.2144292885786,4.74341649025257,3.69718812072093,1.5,11.8376517941693,4.26380112106557,2.58069758011279,3.94081209904761,8.36779540858881,3.53456150038445,13.6084973454089,14.5523194027619,5.3160135440008,4.21070065428546,4.74341649025257,16.0017667709659,15.7098695093244,6.07453701939498,11.37831556465,5.7706152185014,14.0280076988858,11.4236596587959,13.0698125464752,7.11815729422342,7.87049767980467,8.17055439879531,10.4139329746259,16.7021033443742,9.95430201191543,13.645878498653,10.2303470126873,14.9789852793839,15.7435701160823,10.2362217974402,10.3350602024253,9.20271699010678,11.8224362971428,9.72703449156011,11.2329871361094,10.4009614940158,11.7704749960506,13.7566005347481,11.9051523745488,13.3070759333594,11.9391978141098,12.2449989791751,14.8027775171493,12.8860389569487,14.6077513669969,15.7823328836392,15.2585486133224,15.7079597656729,16.1854969803216,16.1554944214035,17.1163664368347,17.4421364803742
3.90064987462916,4.51559796704711,3.14016321231875,4.90436539472856,6.99655983250311,8.80827026152127,10.0195122136759,11.252249775045,13.1950985217997,2.29578417975209,11.77882103608,13.0303731719395,13.5882531989951,4.58482551467338,1.44070295342239,1.69705627484771,5.0606941223512,4.62932230461436,3.87177284974209,3.825,3.23892343225338,1.425,13.0061764173796,5.33766100459743,4.03879004158424,1.275,10.6132287735637,4.77709378178825,2.88628221073408,2.5031230493126,7.07747306600315,3.29488239547332,12.3016187959146,13.2529477853042,5.46100952205725,3.59452708989653,4.45540402208374,14.5886172417979,14.3382573906315,6.10087083947857,10.9092919856065,5.20966649604368,12.6349960427378,10.0020310437431,11.6590147525423,6.4689535238613,6.90896665690841,6.79506217027918,8.97527854720955,15.2882429831535,8.71448402404256,12.2121097685863,8.82556655405193,13.5467939011413,14.3171444429397,9.78755568575603,8.99046050556037,8.02219577173233,10.4422519123032,9.04808405133374,9.86613526159053,9.64658618372323,10.7597991645395,12.4850170610443,10.8827710916224,12.6299392510189,11.1971009392809,11.0094788705006,13.4440636424491,12.3093714299309,13.8290645019828,14.7921695923891,14.1032982558767,14.4378192605393,15.3913632437156,15.0181764871771,15.9530757222549,16.2235939298295
2.04069704866853,2.16333076527839,3.49857113690718,9.91931563658957,11.7703536263698,13.6194713553794,14.8862352527427,16.1345901714298,18.0897761180176,3.79473319220206,16.8026783579285,18.0099972237644,18.6386694804109,0.848528137423857,3.91152144312159,5.0606941223512,0.6,0.565685424949238,1.2,1.34164078649987,2.01246117974981,3.64965751817893,18.0623918681884,2.4,2.85047364485273,4.08044115262063,15.6719494639308,2.4738633753706,3,7.37631344236401,12.134249049694,4.19262745781211,17.3452933097137,18.3,4.02492235949962,5.30754180388624,4.83735464897913,19.4193674951074,19.3002590656188,4.83735464897913,10.6517562515579,6.1773780845922,17.5506410139345,14.8189068422742,16.5169004356144,7.44136261386451,8.9610333301018,10.7320994769744,13.4331679063429,19.2796295087374,11.7941897200748,16.9094648052503,12.8809937504837,18.2507534091062,19.0682982984848,9.55696716023316,12.6212648546258,10.8706025591961,14.2523682242636,9.75844249867775,13.6029408585056,10.587917642294,12.6625915392465,15.5550902429456,12.8286986948826,13.0495674668804,11.9651345351586,13.9453217962154,17.0182908137751,12.3583979544276,14.5917236815943,16.4106529806099,16.5146666595494,17.4401834852733,16.1507062539073,17.3118456555042,18.3480244168139,18.8971724075323
2.05372290676658,2.34093998214392,3.40587727318528,9.44870387325824,11.4384600076644,13.2834483474736,14.538225476309,15.7836941176646,17.7369670462568,3.57770876399966,16.400304875215,17.6283861995362,18.2175739328814,1.01980390271856,3.56931365951495,4.62932230461436,0.565685424949238,1.03923048454133,0.894427190999916,0.824621125123532,1.48660687473185,3.20624390837628,17.6343414960695,2.03960780543711,2.30763948657497,3.59026461420325,15.2397506541282,2.00997512422418,2.44131112314674,6.88839603971781,11.6841773351828,3.62741298999714,16.8806161025005,17.8373204265663,3.57435308832242,4.74236228055175,4.29418211071678,18.9008888313729,18.8047866246868,4.40454310910905,10.2321471021251,5.63560112144215,17.046553903942,14.3024473430249,16.0042494356968,6.91434474591093,8.40833624108808,10.173394673543,12.8891427178071,18.7162990474823,11.2297875556229,16.3783393541592,12.3223374405995,17.7191986274775,18.5407658957229,9.12546343153249,12.0562626625234,10.3077640640442,13.6883161857111,9.26559226385448,13.0384048104053,10.0880126883346,12.1278226253789,14.9933165825177,12.2927886608867,12.5952152171681,11.4829341972241,13.3844686110432,16.4526255925578,11.9268604418766,14.1214163595583,15.8977838471279,15.9697337702986,16.8807582768074,15.6858315845861,16.7720004769854,17.8058978992917,18.3467469868639
1.32832392301142,1.8,2.54558441227157,8.75016881421369,10.5831980815183,12.4310096130604,13.693794214899,14.9413854779267,16.8961534083945,2.68328157299975,15.602884348735,16.8107108713463,17.4413302244984,0.848528137423857,2.71661554144123,3.87177284974209,1.2,0.894427190999916,0.6,0.6,1.0816653826392,2.4738633753706,16.8668313562447,2.68328157299975,2.47167959088552,2.95465734053883,14.4779142144164,2.4738633753706,2.16333076527839,6.22976725086901,10.9489725545368,3.48971703723955,16.1679683324776,17.1210396880563,3.98898483326272,4.57930125674212,4.36806593356831,18.3103011451937,18.1532366260125,4.83735464897913,10.637447807533,5.69209978830308,16.4166074449016,13.708391590555,15.3979219377161,7.02909405722431,8.36651539660669,9.78983229307482,12.4020159651566,18.3744181104526,11.0401775279554,15.8319297623505,11.933147112141,17.1735261376341,17.979988876526,9.51049249280085,11.7606746995126,10.1513545894132,13.3660016459673,9.48910954726522,12.7279220613579,10.2843570533116,12.1767258760812,14.8398611053969,12.3354805999869,12.9125351505365,11.7287869979996,13.2462824973651,16.1994512938625,12.3,14.3929982977835,16.0305811263971,15.9542424213646,16.7523132730975,15.9685726506786,16.7839208768392,17.8036513108969,18.2921602059462
1.90904280843685,2.4,3,8.62594410874058,10.691976774523,12.5319591445233,13.7767920794356,15.0194873414508,16.9705627484771,3,15.602884348735,16.8428026171418,17.4103417542563,1.34164078649987,2.84604989415154,3.825,1.34164078649987,0.824621125123532,0.6,0.6,0.670820393249937,2.4,16.8240898713719,2.16333076527839,1.87541995297053,2.76586333718787,14.4280975876933,1.89736659610103,1.69705627484771,6.06382717431821,10.8664621657649,2.97457980225779,16.0584930799873,17.0155810949847,3.39411254969543,4.08044115262063,3.79473319220206,18.0827854056747,17.9805450417945,4.24264068711928,10.0380769157085,5.12640224719052,16.2235939298295,13.4833230325465,15.1836754443712,6.45309607704641,7.83258253147875,9.41219356766009,12.0933866224478,17.9765202836051,10.5641867452209,15.5682368943949,11.5602768132947,16.9094648052503,17.727944043233,8.9106810450375,11.335369965065,9.66074531286277,12.9556937290135,8.89781995771998,12.3109707172099,9.69700984840172,11.6198633593427,14.3509309650265,11.780301787479,12.3140058666719,11.1357282853186,12.7505294007739,15.7550697307953,11.7,13.7979128856505,15.4560516060862,15.4169810853203,16.2542302186231,15.3727132445772,16.2388423232692,17.2629661414254,17.7680366107232
2.17587785604901,2.76586333718787,2.95465734053883,7.98523364101072,10.1762929780697,12.0074976577137,13.2382022948737,14.4763600397337,16.4234588318052,2.76586333718787,15.0119952038362,16.2692962355475,16.8026783579285,1.92093727122985,2.41867732448956,3.23892343225338,2.01246117974981,1.48660687473185,1.0816653826392,0.670820393249937,0.848528137423857,1.82482875908947,16.2111073033276,2.343074902772,1.60099968769516,2.12132034355964,13.8130373198656,1.92093727122985,1.0816653826392,5.41294744108974,10.2396288995256,2.41518632821569,15.4185991581596,16.3768128767474,3.24499614791759,3.49857113690718,3.35410196624968,17.4147861051035,17.3219513912261,4.08044115262063,9.78593514321543,4.65725240887801,15.5610089647169,12.8160056179763,14.517644437029,6.01055194585968,7.29547561828846,8.75471884419005,11.4236596587959,17.3271713001059,9.96000034163117,14.8976508215222,10.9018347079746,16.2388423232692,17.0578427709954,8.6476901181008,10.6975583710509,9.06972987469858,12.3109707172099,8.51429386385037,11.669190203266,9.29225483938102,11.1225547645222,13.7583942780886,11.279428629327,11.985679171007,10.7598533653784,12.1646208325619,15.1285234647081,11.4157785542643,13.4337038823997,15.0009843427023,14.8831398313551,15.6706732465456,15.0135875959079,15.7178242769157,16.7343957166072,17.2149099620068
2.73577127049109,3.39411254969543,2.4738633753706,6.27631858058616,8.35966994759082,10.1867561078098,11.4140264587042,12.6516797303757,14.5986300727157,1.8,13.2034086507992,14.4499134945508,15.0119952038362,3.2310988842807,0.948683298050514,1.425,3.64965751817893,3.20624390837628,2.4738633753706,2.4,1.82482875908947,1.03923048454133,14.4280975876933,4.02492235949962,2.85047364485273,0.670820393249937,12.0337026720789,3.49857113690718,1.69705627484771,3.76961536499415,8.48528137423857,2.586140947435,13.6968317504451,14.6509385364897,4.42538133950059,3.3,3.79473319220206,15.8725459918368,15.6850247051128,5.16139516022558,10.4304246028841,4.83735464897913,13.9572561773437,11.2729765368336,12.9522198869537,6.19282006909318,7.02753670850243,7.65213055565679,10.0801785698469,16.2365493659821,9.26322076705538,13.4331679063429,9.75909831900468,14.7732867026942,15.5653461252874,9.28805302493923,9.75524976405954,8.46935652809586,11.2929181348312,8.80018181630357,10.6826962888589,9.48683298050514,10.932706967291,13.0809215992428,11.0721566580872,12.3757604358998,11.020183503211,11.5412304370028,14.2289220330362,11.9436175424366,13.6931515729579,14.9288154670757,14.4889812793169,15.0266430050095,15.2728619616626,15.3733535703827,16.349006085998,16.713561110667
16.6317300496504,17.1210396880563,15.3587108834042,8.32682052810058,7.0724674561547,5.58032257132148,4.45533388198909,3.70472671056854,3.3,14.6509385364897,1.69705627484771,2.1,0.670820393249937,17.5262660027742,14.2144292885786,13.0061764173796,18.0623918681884,17.6343414960695,16.8668313562447,16.8240898713719,16.2111073033276,14.4280975876933,1.2,18.0224859550507,16.5878027478024,14.1031911282518,2.4,17.4232603148779,15.602884348735,10.9114618635635,6.00749531835024,15.231648794533,1.9872594194015,1.8,17.4542258493466,14.5986300727157,15.8319297623505,5.70010926866674,4.03112887414927,17.7101665717745,19.5361181211264,15.4987096237074,4.26907484122731,5.73149195236284,4.94954543367368,15.8184663463631,14.4188752854389,10.5234141274569,8.10555365166378,11.314641800354,12.6048937296483,6.30713881248859,9.74525525576421,6.47610994347687,6.3285069329187,18.8194111673663,11.1241326192478,13.0698125464752,10.6150836077725,17.1475129391991,10.8208132781229,17.0726096423482,15.8093036416109,13.5624431694384,15.7696751095647,19.5685831466354,18.138755316847,13.4492378966245,12.2422310965862,19.9719803725119,19.7060498324753,18.5171415518163,16.1679434899499,14.6290806272985,20.7402462015281,16.9838158256618,17.2568826848884,16.6163511337477
4.00055551698067,4.36806593356831,5.16139516022558,9.69941506781747,12.3336275015479,14.1382460015378,15.3310143173894,16.5530963870812,18.4835061608992,5.09116882454314,16.930741271427,18.2482875908947,18.6386694804109,3.05941170815567,4.74341649025257,5.33766100459743,2.4,2.03960780543711,2.68328157299975,2.16333076527839,2.343074902772,4.02492235949962,18.0224859550507,1.34164078649987,1.44124945793572,4.08044115262063,15.6259399717265,0.6,2.4738633753706,7.11125867902441,12.0149906367005,2.928843628465,17.0606916624151,18.0224859550507,1.71813852759316,3.9,3,18.663114260756,18.7579316557023,2.4738633753706,8.2589757520756,4.24264068711928,16.9453533453865,14.1223227551278,15.8404545389329,5.35079624057609,7.07270777469791,9.51274118737387,12.4310096130604,17.8372721129304,10.1138023566629,16.0352736178713,11.6275534829989,17.3611635554763,18.2186717408268,7.17347183899485,11.1501075312834,9.1438503924769,12.8160056179763,7.48726919510712,12.14907403879,8.33546639366988,10.5667170968131,13.7547010221275,10.7397031844365,10.6871847066951,9.65631629786662,12.134249049694,15.3994227886055,9.9724620831568,12.2529343424341,14.1869493285202,14.4788132475646,15.5794736753204,13.8009170890923,15.2322027297433,16.2828130247817,16.9063042975098
3.73009979014562,4.26675520741465,4.53665074697182,8.26263615933373,11.0048364135863,12.7902775575826,13.9632804168648,15.1770945836151,17.0991578740007,4.24984705607155,15.5111314867743,16.8403444145302,17.206196558217,3.17320027732256,3.69718812072093,4.03879004158424,2.85047364485273,2.30763948657497,2.47167959088552,1.87541995297053,1.60099968769516,2.85047364485273,16.5878027478024,1.44124945793572,1.89736659610103,2.76391027350744,14.1925050642936,0.842140130857092,1.16498927033686,5.67866181419531,10.5806048976417,1.5382863842601,15.6194878277106,16.5812906614654,1.66385095486345,2.59599691833407,1.9872594194015,17.2589509197753,17.3287391347438,2.48620192261208,8.1979943426794,3.32824277960608,15.5207023036975,12.7048494678213,14.4226072538914,4.61484472509473,6.1153598451361,8.1953481080577,11.0637787396531,16.6259205091298,9.01115867790244,14.6481125063948,10.3296272924051,15.9787108366101,16.8296524028276,7.06339794522044,9.93802715197888,8.0681596414548,11.5928943754353,7.02512633338362,10.9320263446444,7.82971263840506,9.82085951598194,12.7388597839529,9.98548211461142,10.4421290037754,9.261190228283,11.1239741100022,14.2717701152388,9.84292639411674,11.9224997378905,13.6112354784568,13.6644115185675,14.6100376453998,13.4973705772643,14.4644806336073,15.4990064197677,16.0478760276867
3.37260202876717,4.03608721412211,3.13209195267317,5.86402509455975,8.25675975384128,10.0578327685441,11.2538882169675,12.4797836519709,14.4156165320808,2.41867732448956,12.9313572373514,14.2144292885786,14.7,3.7589892258425,1.5,1.275,4.08044115262063,3.59026461420325,2.95465734053883,2.76586333718787,2.12132034355964,0.670820393249937,14.1031911282518,4.08044115262063,2.76391027350744,0.848528137423857,11.7038455218787,3.51140997321589,1.61554944214035,3.29848450049413,8.12219182240853,2.14898231728416,13.2974132822892,14.2555252446201,4.21070065428546,2.71661554144123,3.35410196624968,15.3559936113684,15.2200525623271,4.88364617882991,9.94662233413877,4.29534631898291,13.4716368715906,10.754068997361,12.4454811076149,5.6306196418352,6.38526873394799,7.00566825899586,9.48683298050514,15.5964854261785,8.59240553583509,12.8825463321503,9.12195154558497,14.2239235093556,15.0269757436418,8.80949259397575,9.0943018715354,7.8,10.6404887105809,8.23924753845884,10.026464980241,8.9044932477935,10.289096666087,12.4102140638807,10.4264674981413,11.8229104315589,10.4448285981362,10.8706025591961,13.5673218515012,11.4236596587959,13.1109267406999,14.2936010595651,13.8252284664218,14.3558350505988,14.6878457406115,14.7122398022871,15.6850247051128,16.0445668374064
14.2707548659643,14.7732867026942,13.0249760076554,5.93554352602207,5.03329729229787,3.91152144312159,3.20156211871642,3.18198051533946,4.08044115262063,12.3,1.69705627484771,3.18904374382039,3.01496268633627,15.1462866736372,11.8376517941693,10.6132287735637,15.6719494639308,15.2397506541282,14.4779142144164,14.4280975876933,13.8130373198656,12.0337026720789,2.4,15.6259399717265,14.1925050642936,11.7038455218787,0.848528137423857,15.0269757436418,13.2034086507992,8.5146931829632,3.61247837363769,12.8469111073441,2.25858362696624,3,15.0819759978592,12.2376468326227,13.4733069437314,6.19843991980614,4.94064773081425,15.3587108834042,17.4501903144875,13.1897687621884,4.18389770429441,4.29534631898291,4.26168980569914,13.5792233254501,12.2779086745308,8.46501805150142,6.42028036770981,10.8825946016202,10.749796674562,5.70788927713213,8.0156097709407,6.36396103067893,6.55209890035247,16.6788052443422,9.37827493819234,11.104053313993,9.15860251348425,15.0547401173185,9.24175308044962,15.0461290702958,14.0111107514642,12.2335021315102,13.9909081264971,17.6715800222965,16.2004458100524,11.8801515141853,11.2477652101305,18,17.9468214455931,17.0230588100376,14.8335809556203,13.538463723776,19.0813472401715,15.7063681352501,16.1058995402306,15.5994591252389
3.80058475033046,4.24264068711928,4.83735464897913,9.09972353685969,11.768168758068,13.566502865514,14.752626884728,15.9720067618318,17.8997206682116,4.68614980554399,16.3355440680744,17.6567267634746,18.0399556540475,3,4.26380112106557,4.77709378178825,2.4738633753706,2.00997512422418,2.4738633753706,1.89736659610103,1.92093727122985,3.49857113690718,17.4232603148779,0.6,0.842140130857092,3.51140997321589,15.0269757436418,1.03923048454133,1.89736659610103,6.51229606206597,11.4157785542643,2.34906896450487,16.4614458660228,17.4232603148779,1.56460857724864,3.35410196624968,2.54558441227157,18.0839564523049,18.1664525981271,2.4,8.22790208868975,3.84187454245971,16.3561914882408,13.5366170072142,15.2546386387879,5.02873376361347,6.67176333779181,8.97015459562363,11.8680242669115,17.3426018775298,9.66024339535329,15.4638287626318,11.0941425986869,16.7919623629878,17.6465294038233,7.11727625582815,10.6523926602316,8.7,12.3146254510643,7.28746869633071,11.6498927033686,8.12108367153054,10.2596892979172,13.3402444800971,10.4295498562537,10.586646939688,9.49128255002686,11.7207508291918,14.9392845284579,9.91816515288992,12.12,13.9550897972747,14.1484222173241,15.1855194181826,13.6813856206161,14.9217961385351,15.9665274872152,16.5593817819386
3.16929715306792,3.79473319220206,3.64965751817893,7.30085326012109,9.87166631923746,11.669190203266,12.8576825283563,14.0792400363088,16.0099968769516,3.2310988842807,14.4779142144164,15.7835357255591,16.2111073033276,3,2.58069758011279,2.88628221073408,3,2.44131112314674,2.16333076527839,1.69705627484771,1.0816653826392,1.69705627484771,15.602884348735,2.4738633753706,1.16498927033686,1.61554944214035,13.2034086507992,1.89736659610103,0.6,4.70425339453563,9.6,1.352081728299,14.7106492038931,15.6719494639308,2.73642102023793,2.41867732448956,2.4,16.5415362692021,16.5196852270254,3.49857113690718,8.98408355907544,3.64965751817893,14.7351620282914,11.9549153071028,13.6663089384076,5.01849640056152,6.22810959380341,7.73235977920725,10.4656581255074,16.2844247558424,8.88018545762501,13.984634424968,9.8812954616285,15.3235113469466,16.1554944214035,7.83936357759832,9.63857047576696,7.98811617341661,11.2609946274741,7.56856657498631,10.6150836077725,8.32249962451186,10.074214407008,12.6769613312975,10.2287310442454,11.086904273366,9.81450174203685,11.0829598934581,14.0592397455276,10.5683489722851,12.4944147522003,13.9792536013193,13.8136834783366,14.5890369798695,14.07694258353,14.6540096901838,15.6668439706279,16.1382503698511
6.3969610840704,7.0178344238091,5.59016994374947,2.59661661397882,5.82529669910924,7.44311762637136,8.5,9.66566086721441,11.5433963806152,4.74236228055175,9.84784240328814,11.2058020685714,11.5277925033373,7.00071424927486,3.94081209904761,2.5031230493126,7.37631344236401,6.88839603971781,6.22976725086901,6.06382717431821,5.41294744108974,3.76961536499415,10.9114618635635,7.11125867902441,5.67866181419531,3.29848450049413,8.5146931829632,6.51229606206597,4.70425339453563,1.46969384566991,4.90407993409569,4.38384819536443,10.0170454725932,10.9772492000501,6.67427898727645,3.98246155034798,5.18941229813165,12.1087017239441,11.9251834367443,7.0774289116882,10.7256660046173,5.32634959423431,10.1884738798311,7.51332150250473,9.18487887780781,6.23546473072884,5.93368181499959,4.61357800853267,6.50538238691624,12.9039561196295,6.90254192788154,9.70978887515068,6.5,11.0453610171873,11.8207444774007,9.69287238892213,6.86257225529784,6.40312423743285,8.18413098624405,8.54430804688127,7.65571681816928,8.95466358943763,9.45801679173034,10.5096204873802,9.55000801367331,11.9834213621675,10.4652334475209,9.15084695533697,11.2270011826647,11.8701305805791,12.9463662855645,13.4442192502949,12.392763150823,12.4454811076149,14.4455118462448,13.3375410027486,14.2021125189177,14.3411340207112
10.8427138874197,11.3841995766062,9.69329665284211,2.32454532272437,3.44567164152716,3.9,4.40454310910905,5.32024435529046,6.99714227381436,8.9196412483911,5.02891638427206,6.4621977685614,6.62721661031236,11.6498927033686,8.36779540858881,7.07747306600315,12.134249049694,11.6841773351828,10.9489725545368,10.8664621657649,10.2396288995256,8.48528137423857,6.00749531835024,12.0149906367005,10.5806048976417,8.12219182240853,3.61247837363769,11.4157785542643,9.6,4.90407993409569,0.6,9.23840489478568,5.24167912028197,6.18465843842649,11.4849466694452,8.65852181379709,9.89545350148238,8.09844275688266,7.47930478052606,11.7881296226331,14.3177105124921,9.69329665284211,5.97369232552196,4.02492235949962,5.27181183275731,10.2068404433857,9.11575786317947,5.64023447189558,4.80936586256442,10.9189516372736,8.23641689856895,6.3285069329187,6.01664358259653,7.5,8.07217442824423,13.4568343429108,7.19438556608341,8.34086326467471,7.5953933407033,11.9386431389836,7.42159012611179,12.0538790436938,11.4743725096319,10.6541311182816,11.4915408107043,14.872063404121,13.3508218640069,9.87360116674762,10.333548384859,15.0628682527598,15.3866955516771,14.9499007103726,13.1136166692778,12.3044707322176,16.6757402384422,14.0520461143564,14.6536684826701,14.3931624391584
